radix 1 4 1 1  1 1 1  3 3 3 3 3  2 4   4 4 4 4  4 4 4 4  4 4 4 4  4 4 4 4
io    i i i i  i i i  i i i i i  i i      i i i i  i i i i  i i i i  i i i i
vname clk op_code<[3:0]> ex mem   mem_write mem_read write_back    addr<[2:0]> R1<[2:0]> ~R1<[2:0]> R2<[2:0]> ~R2<[2:0]> store_addr<[5:4]> store_addr<[3:0]> data_in<[31:28]> data_in<[27:24]> data_in<[23:20]> data_in<[19:16]> data_in<[15:12]> data_in<[11:8]> data_in<[7:4]> data_in<[3:0]>
slope 0.01
vih 1.8
tunit 1ns

2 1 6  0 1  1 0 0  0 0 F 0 F  0 A  0 0 0 0 0 0 0 2
4 0 6  0 1  1 0 0  0 0 F 0 F  0 A  0 0 0 0 0 0 0 2
6 1 6  0 1  1 0 0  0 0 F 0 F  0 C  0 0 0 0 0 0 0 5
8 0 6  0 1  1 0 0  0 0 F 0 F  0 C  0 0 0 0 0 0 0 5
10 1 6  0 1  1 0 0  0 0 F 0 F  0 0  0 0 0 0 0 0 0 3
12 0 6  0 1  1 0 0  0 0 F 0 F  0 0  0 0 0 0 0 0 0 3
14 1 6  0 1  1 0 0  0 0 F 0 F  0 2  0 0 0 0 0 0 0 6
16 0 6  0 1  1 0 0  0 0 F 0 F  0 2  0 0 0 0 0 0 0 6
18 1 6  0 1  1 0 0  0 0 F 0 F  1 4  0 0 0 0 0 0 0 1
20 0 6  0 1  1 0 0  0 0 F 0 F  1 4  0 0 0 0 0 0 0 1
22 1 6  0 0  0 1 1  1 0 F 0 F  0 A  0 0 0 0 0 0 0 0
24 0 6  0 0  0 1 1  1 0 F 0 F  0 A  0 0 0 0 0 0 0 0
26 1 6  0 0  0 1 1  2 0 F 0 F  0 C  0 0 0 0 0 0 0 0
28 0 6  0 0  0 1 1  2 0 F 0 F  0 C  0 0 0 0 0 0 0 0
30 1 6  0 0  0 1 1  3 0 F 0 F  0 0  0 0 0 0 0 0 0 0
32 0 6  0 0  0 1 1  3 0 F 0 F  0 0  0 0 0 0 0 0 0 0
34 1 6  0 0  0 1 1  4 0 F 0 F  0 2  0 0 0 0 0 0 0 0
36 0 6  0 0  0 1 1  4 0 F 0 F  0 2  0 0 0 0 0 0 0 0
38 1 6  0 0  0 1 1  5 0 F 0 F  1 4  0 0 0 0 0 0 0 0
40 0 6  0 0  0 1 1  5 0 F 0 F  1 4  0 0 0 0 0 0 0 0
42 1 0  0 0  0 0 1  0 0 F 0 F  0 0  0 0 0 0 0 0 0 0; --- |
44 0 0  0 0  0 0 1  0 0 F 0 F  0 0  0 0 0 0 0 0 0 0; NOP |
46 1 0  0 0  0 0 1  0 0 F 0 F  0 0  0 0 0 0 0 0 0 0; --- |
48 0 0  0 0  0 0 1  0 0 F 0 F  0 0  0 0 0 0 0 0 0 0; NOP |
50 1 0  0 0  0 0 1  0 0 F 0 F  0 0  0 0 0 0 0 0 0 0; --- |
52 0 0  0 0  0 0 1  0 0 F 0 F  0 0  0 0 0 0 0 0 0 0; NOP |
54 1 2  1 0  0 0 1  0 0 F 0 F  0 0  0 0 0 0 0 0 0 0
56 0 2  1 0  0 0 1  0 0 F 0 F  0 0  0 0 0 0 0 0 0 0
58 1 4  0 0  0 0 1  6 1 E 2 D  0 0  0 0 0 0 0 0 0 0
60 0 4  0 0  0 0 1  6 1 E 2 D  0 0  0 0 0 0 0 0 0 0
62 1 0  0 0  0 0 1  0 0 F 0 F  0 0  0 0 0 0 0 0 0 0; --- |
64 0 0  0 0  0 0 1  0 0 F 0 F  0 0  0 0 0 0 0 0 0 0; NOP |
66 1 6  0 0  0 0 1  0 0 F 0 F  0 0  0 0 0 0 0 0 0 0
68 0 6  0 0  0 0 1  0 0 F 0 F  0 0  0 0 0 0 0 0 0 0
70 1 7  0 0  0 0 1  4 3 C 1 E  0 0  0 0 0 0 0 0 0 0
72 0 7  0 0  0 0 1  4 3 C 1 E  0 0  0 0 0 0 0 0 0 0
74 1 6  0 0  0 1 1  0 0 F 0 F  0 0  0 0 0 0 0 0 0 0
76 0 6  0 0  0 1 1  0 0 F 0 F  0 0  0 0 0 0 0 0 0 0
78 1 6  0 0  0 1 1  0 0 F 0 F  0 2  0 0 0 0 0 0 0 0
80 0 6  0 0  0 1 1  0 0 F 0 F  0 2  0 0 0 0 0 0 0 0
82 1 6  0 0  0 1 1  0 0 F 0 F  0 4  0 0 0 0 0 0 0 0
84 0 6  0 0  0 1 1  0 0 F 0 F  0 4  0 0 0 0 0 0 0 0
86 1 6  0 0  0 1 1  0 0 F 0 F  0 6  0 0 0 0 0 0 0 0
88 0 6  0 0  0 1 1  0 0 F 0 F  0 6  0 0 0 0 0 0 0 0
90 1 6  0 0  0 1 1  0 0 F 0 F  0 8  0 0 0 0 0 0 0 0
92 0 6  0 0  0 1 1  0 0 F 0 F  0 8  0 0 0 0 0 0 0 0
